1451942.250000
1363602.500000
1467295.250000
1442630.375000
1367832.750000
1447464.375000
1280322.875000
1343373.500000
1365872.875000
1336967.625000
1392240.625000
1345285.000000
1378833.250000
1347442.125000
1420655.625000
1362112.750000
1439975.250000
1405382.875000
1391443.500000
1421428.250000
1363101.250000
1413268.625000
1395566.625000
1372841.500000
1466089.875000
1331885.125000
1415373.500000
1385732.250000
1297840.125000
1467375.000000
1414049.875000
1459997.375000
1394347.500000
1512871.000000
1374475.000000
1420514.625000
1475367.250000
1430215.000000
1429251.000000
1402181.500000
1327172.125000
1351726.250000
1371976.750000
1419223.625000
1419851.250000
1443336.500000
1356525.000000
1447196.500000
1404282.750000
1372378.250000
1392598.500000
1336492.750000
1424353.875000
1349011.500000
1353167.500000
1366314.750000
1403164.875000
1467372.250000
1410711.250000
1371124.500000
1325499.875000
1401433.125000
1480823.375000
1371477.125000
1433348.250000
1392585.500000
1397261.000000
1334419.000000
1342918.000000
1293423.375000
1400104.500000
1481414.125000
1454456.875000
1445728.500000
1352571.375000
1390471.875000
1424981.125000
1358977.500000
1449642.125000
1319109.875000
1468763.625000
1448560.625000
1372122.375000
1419475.500000
1405149.500000
1407967.125000
1387701.250000
1469884.250000
1361040.875000
1398621.125000
1311521.500000
1451993.125000
1477161.750000
1317766.875000
1367364.750000
1317406.250000
1498862.500000
1460232.500000
1382147.125000
1445687.125000
1361873.125000
1400143.000000
1449169.875000
1393633.500000
1360409.250000
1416211.625000
1347656.125000
1494076.750000
1380116.375000
1405793.500000
1404328.250000
1428447.125000
1292496.000000
1404327.625000
1416299.500000
1392100.875000
1407250.000000
1386626.875000
1439750.500000
1350921.875000
1379487.750000
1370213.500000
1383344.500000
1345008.125000
1300333.000000
1357786.750000
1367567.750000
1321048.625000
1378743.250000
1472462.375000
1338861.500000
1466459.500000
1437244.000000
1421097.250000
1384090.875000
1370271.500000
1351975.250000
1401687.125000
1430670.125000
1424828.875000
1332317.375000
1390018.000000
1432950.500000
1428126.125000
1440419.500000
1473924.500000
1326734.250000
1496445.750000
1371092.500000
1406472.500000
1311996.000000
1460557.625000
1431708.625000
1389663.000000
1307684.875000
1365763.000000
1430346.375000
1442573.625000
1450760.375000
1449620.625000
1452710.500000
1427613.125000
1465972.250000
1351416.625000
1332079.250000
1455386.125000
1428268.750000
1402824.750000
1359177.375000
1498667.625000
1379852.000000
1384141.000000
1381942.750000
1341551.125000
1322444.875000
1387023.250000
1402631.625000
1358841.000000
1355623.875000
1429417.750000
1416400.750000
1444006.000000
1402661.375000
1379720.125000
1352545.875000
1365598.625000
1396970.125000
1382742.250000
1480802.000000
1371126.250000
1408517.750000
1447951.625000
1315846.500000
1399802.750000
1373955.250000
1475225.125000
1376934.250000
1406081.625000
1353381.000000
1364820.750000
SIMD readTime: 0.012401
SIMD compTime: 0.004131
SIMD writeTime: 0.000149
